t/s	x/m	y/m
0,00	1,000	0,500
0,02	1,010	0,508
0,04	1,020	0,516
0,06	1,030	0,524
0,08	1,040	0,532
0,10	1,050	0,540
0,12	1,060	0,548
0,14	1,070	0,556
0,16	1,080	0,564
0,18	1,090	0,572
0,20	1,100	0,580
0,22	1,110	0,588
0,24	1,120	0,596
0,26	1,130	0,603
0,28	1,140	0,611
0,30	1,150	0,619
0,32	1,159	0,627
0,34	1,169	0,635
0,36	1,179	0,643
0,38	1,189	0,651
0,40	1,199	0,659
0,42	1,209	0,667
0,44	1,219	0,674
0,46	1,229	0,682
0,48	1,239	0,690
0,50	1,249	0,698
0,52	1,259	0,706
0,54	1,269	0,714
0,56	1,278	0,721
0,58	1,288	0,729
0,60	1,298	0,737
0,62	1,308	0,745
0,64	1,318	0,753
0,66	1,328	0,761
0,68	1,338	0,768
0,70	1,348	0,776
0,72	1,357	0,784
0,74	1,367	0,792
0,76	1,377	0,799
0,78	1,387	0,807
0,80	1,397	0,815
0,82	1,407	0,823
0,84	1,416	0,830
0,86	1,426	0,838
0,88	1,436	0,846
0,90	1,446	0,854
0,92	1,456	0,861
0,94	1,466	0,869
0,96	1,475	0,877
0,98	1,485	0,884
1,00	1,495	0,892
1,02	1,505	0,900
1,04	1,515	0,907
1,06	1,524	0,915
1,08	1,534	0,923
1,10	1,544	0,930
1,12	1,554	0,938
1,14	1,564	0,946
1,16	1,573	0,953
1,18	1,583	0,961
1,20	1,593	0,968
1,22	1,603	0,976
1,24	1,612	0,984
1,26	1,622	0,991
1,28	1,632	0,999
1,30	1,642	1,006
1,32	1,651	1,014
1,34	1,661	1,022
1,36	1,671	1,029
1,38	1,680	1,037
1,40	1,690	1,044
1,42	1,700	1,052
1,44	1,710	1,059
1,46	1,719	1,067
1,48	1,729	1,074
1,50	1,739	1,082
1,52	1,748	1,090
1,54	1,758	1,097
1,56	1,768	1,105
1,58	1,778	1,112
1,60	1,787	1,120
1,62	1,797	1,127
1,64	1,807	1,134
1,66	1,816	1,142
1,68	1,826	1,149
1,70	1,836	1,157
1,72	1,845	1,164
1,74	1,855	1,172
1,76	1,865	1,179
1,78	1,874	1,187
1,80	1,884	1,194
1,82	1,893	1,202
1,84	1,903	1,209
1,86	1,913	1,216
1,88	1,922	1,224
1,90	1,932	1,231
1,92	1,942	1,239
1,94	1,951	1,246
1,96	1,961	1,253
1,98	1,970	1,261
2,00	1,980	1,268
2,02	1,990	1,275
2,04	1,999	1,283
2,06	2,009	1,290
2,08	2,018	1,297
2,10	2,028	1,305
2,12	2,038	1,312
2,14	2,047	1,319
2,16	2,057	1,327
2,18	2,066	1,334
2,20	2,076	1,341
2,22	2,085	1,349
2,24	2,095	1,356
2,26	2,104	1,363
2,28	2,114	1,370
2,30	2,124	1,378
2,32	2,133	1,385
2,34	2,143	1,392
2,36	2,152	1,399
2,38	2,162	1,407
2,40	2,171	1,414
2,42	2,181	1,421
2,44	2,190	1,428
2,46	2,200	1,436
2,48	2,209	1,443
2,50	2,219	1,450
2,52	2,228	1,457
2,54	2,238	1,464
2,56	2,247	1,472
2,58	2,257	1,479
2,60	2,266	1,486
2,62	2,276	1,493
2,64	2,285	1,500
2,66	2,295	1,507
2,68	2,304	1,515
2,70	2,314	1,522
2,72	2,323	1,529
2,74	2,332	1,536
2,76	2,342	1,543
2,78	2,351	1,550
2,80	2,361	1,557
2,82	2,370	1,564
2,84	2,380	1,571
2,86	2,389	1,579
2,88	2,399	1,586
2,90	2,408	1,593
2,92	2,417	1,600
2,94	2,427	1,607
2,96	2,436	1,614
2,98	2,446	1,621
3,00	2,455	1,628
3,02	2,464	1,635
3,04	2,474	1,642
3,06	2,483	1,649
3,08	2,493	1,656
3,10	2,502	1,663
3,12	2,511	1,670
3,14	2,521	1,677
3,16	2,530	1,684
3,18	2,539	1,691
3,20	2,549	1,698
3,22	2,558	1,705
3,24	2,568	1,712
3,26	2,577	1,719
3,28	2,586	1,726
3,30	2,596	1,733
3,32	2,605	1,740
3,34	2,614	1,747
3,36	2,624	1,754
3,38	2,633	1,761
3,40	2,642	1,768
3,42	2,652	1,774
3,44	2,661	1,781
3,46	2,670	1,788
3,48	2,679	1,795
3,50	2,689	1,802
3,52	2,698	1,809
3,54	2,707	1,816
3,56	2,717	1,823
3,58	2,726	1,829
3,60	2,735	1,836
3,62	2,744	1,843
3,64	2,754	1,850
3,66	2,763	1,857
3,68	2,772	1,864
3,70	2,782	1,870
3,72	2,791	1,877
3,74	2,800	1,884
3,76	2,809	1,891
3,78	2,819	1,898
3,80	2,828	1,904
3,82	2,837	1,911
3,84	2,846	1,918
3,86	2,856	1,925
3,88	2,865	1,932
3,90	2,874	1,938
3,92	2,883	1,945
3,94	2,892	1,952
3,96	2,902	1,959
3,98	2,911	1,965
4,00	2,920	1,972
4,02	2,929	1,979
4,04	2,938	1,985
4,06	2,948	1,992
4,08	2,957	1,999
4,10	2,966	2,006
4,12	2,975	2,012
4,14	2,984	2,019
4,16	2,993	2,026
4,18	3,003	2,032
4,20	3,012	2,039
4,22	3,021	2,046
4,24	3,030	2,052
4,26	3,039	2,059
4,28	3,048	2,065
4,30	3,058	2,072
4,32	3,067	2,079
4,34	3,076	2,085
4,36	3,085	2,092
4,38	3,094	2,099
4,40	3,103	2,105
4,42	3,112	2,112
4,44	3,121	2,118
4,46	3,131	2,125
4,48	3,140	2,131
4,50	3,149	2,138
4,52	3,158	2,145
4,54	3,167	2,151
4,56	3,176	2,158
4,58	3,185	2,164
4,60	3,194	2,171
4,62	3,203	2,177
4,64	3,212	2,184
4,66	3,221	2,190
4,68	3,230	2,197
4,70	3,240	2,203
4,72	3,249	2,210
4,74	3,258	2,216
4,76	3,267	2,223
4,78	3,276	2,229
4,80	3,285	2,236
4,82	3,294	2,242
4,84	3,303	2,249
4,86	3,312	2,255
4,88	3,321	2,261
4,90	3,330	2,268
4,92	3,339	2,274
4,94	3,348	2,281
4,96	3,357	2,287
4,98	3,366	2,294
5,00	3,375	2,300
5,02	3,384	2,306
5,04	3,393	2,313
5,06	3,402	2,319
5,08	3,411	2,326
5,10	3,420	2,332
5,12	3,429	2,338
5,14	3,438	2,345
5,16	3,447	2,351
5,18	3,456	2,357
5,20	3,465	2,364
5,22	3,474	2,370
5,24	3,483	2,376
5,26	3,492	2,383
5,28	3,501	2,389
5,30	3,510	2,395
5,32	3,518	2,402
5,34	3,527	2,408
5,36	3,536	2,414
5,38	3,545	2,420
5,40	3,554	2,427
5,42	3,563	2,433
5,44	3,572	2,439
5,46	3,581	2,446
5,48	3,590	2,452
5,50	3,599	2,458
5,52	3,608	2,464
5,54	3,617	2,470
5,56	3,625	2,477
5,58	3,634	2,483
5,60	3,643	2,489
5,62	3,652	2,495
5,64	3,661	2,502
5,66	3,670	2,508
5,68	3,679	2,514
5,70	3,688	2,520
5,72	3,696	2,526
5,74	3,705	2,532
5,76	3,714	2,539
5,78	3,723	2,545
5,80	3,732	2,551
5,82	3,741	2,557
5,84	3,749	2,563
5,86	3,758	2,569
5,88	3,767	2,575
5,90	3,776	2,582
5,92	3,785	2,588
5,94	3,794	2,594
5,96	3,802	2,600
5,98	3,811	2,606
6,00	3,820	2,612
6,02	3,829	2,618
6,04	3,838	2,624
6,06	3,846	2,630
6,08	3,855	2,636
6,10	3,864	2,642
6,12	3,873	2,648
6,14	3,882	2,654
6,16	3,890	2,660
6,18	3,899	2,666
6,20	3,908	2,672
6,22	3,917	2,678
6,24	3,925	2,684
6,26	3,934	2,690
6,28	3,943	2,696
6,30	3,952	2,702
6,32	3,960	2,708
6,34	3,969	2,714
6,36	3,978	2,720
6,38	3,986	2,726
6,40	3,995	2,732
6,42	4,004	2,738
6,44	4,013	2,744
6,46	4,021	2,750
6,48	4,030	2,756
6,50	4,039	2,762
6,52	4,047	2,768
6,54	4,056	2,774
6,56	4,065	2,780
6,58	4,074	2,786
6,60	4,082	2,792
6,62	4,091	2,797
6,64	4,100	2,803
6,66	4,108	2,809
6,68	4,117	2,815
6,70	4,126	2,821
6,72	4,134	2,827
6,74	4,143	2,833
6,76	4,152	2,838
6,78	4,160	2,844
6,80	4,169	2,850
6,82	4,177	2,856
6,84	4,186	2,862
6,86	4,195	2,868
6,88	4,203	2,873
6,90	4,212	2,879
6,92	4,221	2,885
6,94	4,229	2,891
6,96	4,238	2,896
6,98	4,246	2,902
7,00	4,255	2,908
7,02	4,264	2,914
7,04	4,272	2,920
7,06	4,281	2,925
7,08	4,289	2,931
7,10	4,298	2,937
7,12	4,307	2,942
7,14	4,315	2,948
7,16	4,324	2,954
7,18	4,332	2,960
7,20	4,341	2,965
7,22	4,349	2,971
7,24	4,358	2,977
7,26	4,366	2,982
7,28	4,375	2,988
7,30	4,384	2,994
7,32	4,392	2,999
7,34	4,401	3,005
7,36	4,409	3,011
7,38	4,418	3,016
7,40	4,426	3,022
7,42	4,435	3,028
7,44	4,443	3,033
7,46	4,452	3,039
7,48	4,460	3,044
7,50	4,469	3,050
7,52	4,477	3,056
7,54	4,486	3,061
7,56	4,494	3,067
7,58	4,503	3,072
7,60	4,511	3,078
7,62	4,520	3,083
7,64	4,528	3,089
7,66	4,537	3,095
7,68	4,545	3,100
7,70	4,554	3,106
7,72	4,562	3,111
7,74	4,570	3,117
7,76	4,579	3,122
7,78	4,587	3,128
7,80	4,596	3,133
7,82	4,604	3,139
7,84	4,613	3,144
7,86	4,621	3,150
7,88	4,630	3,155
7,90	4,638	3,161
7,92	4,646	3,166
7,94	4,655	3,172
7,96	4,663	3,177
7,98	4,672	3,183
8,00	4,680	3,188
8,02	4,688	3,193
8,04	4,697	3,199
8,06	4,705	3,204
8,08	4,714	3,210
8,10	4,722	3,215
8,12	4,730	3,221
8,14	4,739	3,226
8,16	4,747	3,231
8,18	4,755	3,237
8,20	4,764	3,242
8,22	4,772	3,247
8,24	4,781	3,253
8,26	4,789	3,258
8,28	4,797	3,264
8,30	4,806	3,269
8,32	4,814	3,274
8,34	4,822	3,280
8,36	4,831	3,285
8,38	4,839	3,290
8,40	4,847	3,296
8,42	4,856	3,301
8,44	4,864	3,306
8,46	4,872	3,311
8,48	4,880	3,317
8,50	4,889	3,322
8,52	4,897	3,327
8,54	4,905	3,333
8,56	4,914	3,338
8,58	4,922	3,343
8,60	4,930	3,348
8,62	4,938	3,354
8,64	4,947	3,359
8,66	4,955	3,364
8,68	4,963	3,369
8,70	4,972	3,374
8,72	4,980	3,380
8,74	4,988	3,385
8,76	4,996	3,390
8,78	5,005	3,395
8,80	5,013	3,400
8,82	5,021	3,406
8,84	5,029	3,411
8,86	5,038	3,416
8,88	5,046	3,421
8,90	5,054	3,426
8,92	5,062	3,431
8,94	5,070	3,437
8,96	5,079	3,442
8,98	5,087	3,447
9,00	5,095	3,452
9,02	5,103	3,457
9,04	5,111	3,462
9,06	5,120	3,467
9,08	5,128	3,472
9,10	5,136	3,478
9,12	5,144	3,483
9,14	5,152	3,488
9,16	5,160	3,493
9,18	5,169	3,498
9,20	5,177	3,503
9,22	5,185	3,508
9,24	5,193	3,513
9,26	5,201	3,518
9,28	5,209	3,523
9,30	5,218	3,528
9,32	5,226	3,533
9,34	5,234	3,538
9,36	5,242	3,543
9,38	5,250	3,548
9,40	5,258	3,553
9,42	5,266	3,558
9,44	5,274	3,563
9,46	5,283	3,568
9,48	5,291	3,573
9,50	5,299	3,578
9,52	5,307	3,583
9,54	5,315	3,588
9,56	5,323	3,593
9,58	5,331	3,598
9,60	5,339	3,603
9,62	5,347	3,608
9,64	5,355	3,613
9,66	5,363	3,617
9,68	5,371	3,622
9,70	5,380	3,627
9,72	5,388	3,632
9,74	5,396	3,637
9,76	5,404	3,642
9,78	5,412	3,647
9,80	5,420	3,652
9,82	5,428	3,657
9,84	5,436	3,661
9,86	5,444	3,666
9,88	5,452	3,671
9,90	5,460	3,676
9,92	5,468	3,681
9,94	5,476	3,686
9,96	5,484	3,690
9,98	5,492	3,695
10,00	5,500	3,700
10,02	5,508	3,705
10,04	5,516	3,710
10,06	5,524	3,714
10,08	5,532	3,719
10,10	5,540	3,724
10,12	5,548	3,729
10,14	5,556	3,733
10,16	5,564	3,738
10,18	5,572	3,743
10,20	5,580	3,748
10,22	5,588	3,752
10,24	5,596	3,757
10,26	5,604	3,762
10,28	5,612	3,767
10,30	5,620	3,771
10,32	5,627	3,776
10,34	5,635	3,781
10,36	5,643	3,785
10,38	5,651	3,790
10,40	5,659	3,795
10,42	5,667	3,799
10,44	5,675	3,804
10,46	5,683	3,809
10,48	5,691	3,813
10,50	5,699	3,818
10,52	5,707	3,823
10,54	5,715	3,827
10,56	5,722	3,832
10,58	5,730	3,837
10,60	5,738	3,841
10,62	5,746	3,846
10,64	5,754	3,850
10,66	5,762	3,855
10,68	5,770	3,860
10,70	5,778	3,864
10,72	5,785	3,869
10,74	5,793	3,873
10,76	5,801	3,878
10,78	5,809	3,882
10,80	5,817	3,887
10,82	5,825	3,891
10,84	5,832	3,896
10,86	5,840	3,900
10,88	5,848	3,905
10,90	5,856	3,910
10,92	5,864	3,914
10,94	5,872	3,919
10,96	5,879	3,923
10,98	5,887	3,928
11,00	5,895	3,932
11,02	5,903	3,936
11,04	5,911	3,941
11,06	5,918	3,945
11,08	5,926	3,950
11,10	5,934	3,954
11,12	5,942	3,959
11,14	5,950	3,963
11,16	5,957	3,968
11,18	5,965	3,972
11,20	5,973	3,976
11,22	5,981	3,981
11,24	5,988	3,985
11,26	5,996	3,990
11,28	6,004	3,994
11,30	6,012	3,998
11,32	6,019	4,003
11,34	6,027	4,007
11,36	6,035	4,012
11,38	6,042	4,016
11,40	6,050	4,020
11,42	6,058	4,025
11,44	6,066	4,029
11,46	6,073	4,033
11,48	6,081	4,038
11,50	6,089	4,042
11,52	6,096	4,046
11,54	6,104	4,051
11,56	6,112	4,055
11,58	6,120	4,059
11,60	6,127	4,064
11,62	6,135	4,068
11,64	6,143	4,072
11,66	6,150	4,076
11,68	6,158	4,081
11,70	6,166	4,085
11,72	6,173	4,089
11,74	6,181	4,093
11,76	6,189	4,098
11,78	6,196	4,102
11,80	6,204	4,106
11,82	6,211	4,110
11,84	6,219	4,115
11,86	6,227	4,119
11,88	6,234	4,123
11,90	6,242	4,127
11,92	6,250	4,131
11,94	6,257	4,135
11,96	6,265	4,140
11,98	6,272	4,144
12,00	6,280	4,148
12,02	6,288	4,152
12,04	6,295	4,156
12,06	6,303	4,160
12,08	6,310	4,165
12,10	6,318	4,169
12,12	6,326	4,173
12,14	6,333	4,177
12,16	6,341	4,181
12,18	6,348	4,185
12,20	6,356	4,189
12,22	6,363	4,193
12,24	6,371	4,197
12,26	6,378	4,202
12,28	6,386	4,206
12,30	6,394	4,210
12,32	6,401	4,214
12,34	6,409	4,218
12,36	6,416	4,222
12,38	6,424	4,226
12,40	6,431	4,230
12,42	6,439	4,234
12,44	6,446	4,238
12,46	6,454	4,242
12,48	6,461	4,246
12,50	6,469	4,250
12,52	6,476	4,254
12,54	6,484	4,258
12,56	6,491	4,262
12,58	6,499	4,266
12,60	6,506	4,270
12,62	6,514	4,274
12,64	6,521	4,278
12,66	6,529	4,282
12,68	6,536	4,286
12,70	6,544	4,290
12,72	6,551	4,294
12,74	6,558	4,298
12,76	6,566	4,301
12,78	6,573	4,305
12,80	6,581	4,309
12,82	6,588	4,313
12,84	6,596	4,317
12,86	6,603	4,321
12,88	6,611	4,325
12,90	6,618	4,329
12,92	6,625	4,333
12,94	6,633	4,336
12,96	6,640	4,340
12,98	6,648	4,344
13,00	6,655	4,348
13,02	6,662	4,352
13,04	6,670	4,356
13,06	6,677	4,359
13,08	6,685	4,363
13,10	6,692	4,367
13,12	6,699	4,371
13,14	6,707	4,375
13,16	6,714	4,379
13,18	6,721	4,382
13,20	6,729	4,386
13,22	6,736	4,390
13,24	6,744	4,394
13,26	6,751	4,397
13,28	6,758	4,401
13,30	6,766	4,405
13,32	6,773	4,409
13,34	6,780	4,412
13,36	6,788	4,416
13,38	6,795	4,420
13,40	6,802	4,424
13,42	6,810	4,427
13,44	6,817	4,431
13,46	6,824	4,435
13,48	6,831	4,438
13,50	6,839	4,442
13,52	6,846	4,446
13,54	6,853	4,449
13,56	6,861	4,453
13,58	6,868	4,457
13,60	6,875	4,460
13,62	6,882	4,464
13,64	6,890	4,468
13,66	6,897	4,471
13,68	6,904	4,475
13,70	6,912	4,478
13,72	6,919	4,482
13,74	6,926	4,486
13,76	6,933	4,489
13,78	6,941	4,493
13,80	6,948	4,496
13,82	6,955	4,500
13,84	6,962	4,504
13,86	6,970	4,507
13,88	6,977	4,511
13,90	6,984	4,514
13,92	6,991	4,518
13,94	6,998	4,521
13,96	7,006	4,525
13,98	7,013	4,528
14,00	7,020	4,532
14,02	7,027	4,536
14,04	7,034	4,539
14,06	7,042	4,543
14,08	7,049	4,546
14,10	7,056	4,550
14,12	7,063	4,553
14,14	7,070	4,556
14,16	7,077	4,560
14,18	7,085	4,563
14,20	7,092	4,567
14,22	7,099	4,570
14,24	7,106	4,574
14,26	7,113	4,577
14,28	7,120	4,581
14,30	7,128	4,584
14,32	7,135	4,588
14,34	7,142	4,591
14,36	7,149	4,594
14,38	7,156	4,598
14,40	7,163	4,601
14,42	7,170	4,605
14,44	7,177	4,608
14,46	7,185	4,611
14,48	7,192	4,615
14,50	7,199	4,618
14,52	7,206	4,621
14,54	7,213	4,625
14,56	7,220	4,628
14,58	7,227	4,631
14,60	7,234	4,635
14,62	7,241	4,638
14,64	7,248	4,641
14,66	7,255	4,645
14,68	7,262	4,648
14,70	7,270	4,651
14,72	7,277	4,655
14,74	7,284	4,658
14,76	7,291	4,661
14,78	7,298	4,664
14,80	7,305	4,668
14,82	7,312	4,671
14,84	7,319	4,674
14,86	7,326	4,677
14,88	7,333	4,681
14,90	7,340	4,684
14,92	7,347	4,687
14,94	7,354	4,690
14,96	7,361	4,694
14,98	7,368	4,697
15,00	7,375	4,700
15,02	7,382	4,703
15,04	7,389	4,706
15,06	7,396	4,710
15,08	7,403	4,713
15,10	7,410	4,716
15,12	7,417	4,719
15,14	7,424	4,722
15,16	7,431	4,725
15,18	7,438	4,729
15,20	7,445	4,732
15,22	7,452	4,735
15,24	7,459	4,738
15,26	7,466	4,741
15,28	7,473	4,744
15,30	7,480	4,747
15,32	7,486	4,750
15,34	7,493	4,753
15,36	7,500	4,757
15,38	7,507	4,760
15,40	7,514	4,763
15,42	7,521	4,766
15,44	7,528	4,769
15,46	7,535	4,772
15,48	7,542	4,775
15,50	7,549	4,778
15,52	7,556	4,781
15,54	7,563	4,784
15,56	7,569	4,787
15,58	7,576	4,790
15,60	7,583	4,793
15,62	7,590	4,796
15,64	7,597	4,799
15,66	7,604	4,802
15,68	7,611	4,805
15,70	7,618	4,808
15,72	7,624	4,811
15,74	7,631	4,814
15,76	7,638	4,817
15,78	7,645	4,820
15,80	7,652	4,823
15,82	7,659	4,826
15,84	7,665	4,829
15,86	7,672	4,832
15,88	7,679	4,835
15,90	7,686	4,838
15,92	7,693	4,840
15,94	7,700	4,843
15,96	7,706	4,846
15,98	7,713	4,849
16,00	7,720	4,852
16,02	7,727	4,855
16,04	7,734	4,858
16,06	7,740	4,861
16,08	7,747	4,863
16,10	7,754	4,866
16,12	7,761	4,869
16,14	7,768	4,872
16,16	7,774	4,875
16,18	7,781	4,878
16,20	7,788	4,880
16,22	7,795	4,883
16,24	7,801	4,886
16,26	7,808	4,889
16,28	7,815	4,892
16,30	7,822	4,894
16,32	7,828	4,897
16,34	7,835	4,900
16,36	7,842	4,903
16,38	7,848	4,906
16,40	7,855	4,908
16,42	7,862	4,911
16,44	7,869	4,914
16,46	7,875	4,917
16,48	7,882	4,919
16,50	7,889	4,922
16,52	7,895	4,925
16,54	7,902	4,927
16,56	7,909	4,930
16,58	7,916	4,933
16,60	7,922	4,936
16,62	7,929	4,938
16,64	7,936	4,941
16,66	7,942	4,944
16,68	7,949	4,946
16,70	7,956	4,949
16,72	7,962	4,952
16,74	7,969	4,954
16,76	7,976	4,957
16,78	7,982	4,959
16,80	7,989	4,962
16,82	7,995	4,965
16,84	8,002	4,967
16,86	8,009	4,970
16,88	8,015	4,973
16,90	8,022	4,975
16,92	8,029	4,978
16,94	8,035	4,980
16,96	8,042	4,983
16,98	8,048	4,985
17,00	8,055	4,988
17,02	8,062	4,991
17,04	8,068	4,993
17,06	8,075	4,996
17,08	8,081	4,998
17,10	8,088	5,001
17,12	8,095	5,003
17,14	8,101	5,006
17,16	8,108	5,008
17,18	8,114	5,011
17,20	8,121	5,013
17,22	8,127	5,016
17,24	8,134	5,018
17,26	8,140	5,021
17,28	8,147	5,023
17,30	8,154	5,026
17,32	8,160	5,028
17,34	8,167	5,031
17,36	8,173	5,033
17,38	8,180	5,035
17,40	8,186	5,038
17,42	8,193	5,040
17,44	8,199	5,043
17,46	8,206	5,045
17,48	8,212	5,048
17,50	8,219	5,050
17,52	8,225	5,052
17,54	8,232	5,055
17,56	8,238	5,057
17,58	8,245	5,060
17,60	8,251	5,062
17,62	8,258	5,064
17,64	8,264	5,067
17,66	8,271	5,069
17,68	8,277	5,071
17,70	8,284	5,074
17,72	8,290	5,076
17,74	8,296	5,078
17,76	8,303	5,081
17,78	8,309	5,083
17,80	8,316	5,085
17,82	8,322	5,088
17,84	8,329	5,090
17,86	8,335	5,092
17,88	8,342	5,094
17,90	8,348	5,097
17,92	8,354	5,099
17,94	8,361	5,101
17,96	8,367	5,104
17,98	8,374	5,106
18,00	8,380	5,108
18,02	8,386	5,110
18,04	8,393	5,112
18,06	8,399	5,115
18,08	8,406	5,117
18,10	8,412	5,119
18,12	8,418	5,121
18,14	8,425	5,124
18,16	8,431	5,126
18,18	8,437	5,128
18,20	8,444	5,130
18,22	8,450	5,132
18,24	8,457	5,134
18,26	8,463	5,137
18,28	8,469	5,139
18,30	8,476	5,141
18,32	8,482	5,143
18,34	8,488	5,145
18,36	8,495	5,147
18,38	8,501	5,149
18,40	8,507	5,152
18,42	8,514	5,154
18,44	8,520	5,156
18,46	8,526	5,158
18,48	8,532	5,160
18,50	8,539	5,162
18,52	8,545	5,164
18,54	8,551	5,166
18,56	8,558	5,168
18,58	8,564	5,170
18,60	8,570	5,172
18,62	8,576	5,174
18,64	8,583	5,176
18,66	8,589	5,178
18,68	8,595	5,180
18,70	8,602	5,182
18,72	8,608	5,184
18,74	8,614	5,186
18,76	8,620	5,188
18,78	8,627	5,190
18,80	8,633	5,192
18,82	8,639	5,194
18,84	8,645	5,196
18,86	8,652	5,198
18,88	8,658	5,200
18,90	8,664	5,202
18,92	8,670	5,204
18,94	8,676	5,206
18,96	8,683	5,208
18,98	8,689	5,210
19,00	8,695	5,212
19,02	8,701	5,214
19,04	8,707	5,216
19,06	8,714	5,218
19,08	8,720	5,220
19,10	8,726	5,222
19,12	8,732	5,223
19,14	8,738	5,225
19,16	8,744	5,227
19,18	8,751	5,229
19,20	8,757	5,231
19,22	8,763	5,233
19,24	8,769	5,235
19,26	8,775	5,236
19,28	8,781	5,238
19,30	8,788	5,240
19,32	8,794	5,242
19,34	8,800	5,244
19,36	8,806	5,246
19,38	8,812	5,247
19,40	8,818	5,249
19,42	8,824	5,251
19,44	8,830	5,253
19,46	8,837	5,254
19,48	8,843	5,256
19,50	8,849	5,258
19,52	8,855	5,260
19,54	8,861	5,262
19,56	8,867	5,263
19,58	8,873	5,265
19,60	8,879	5,267
19,62	8,885	5,268
19,64	8,891	5,270
19,66	8,897	5,272
19,68	8,903	5,274
19,70	8,910	5,275
19,72	8,916	5,277
19,74	8,922	5,279
19,76	8,928	5,280
19,78	8,934	5,282
19,80	8,940	5,284
19,82	8,946	5,285
19,84	8,952	5,287
19,86	8,958	5,289
19,88	8,964	5,290
19,90	8,970	5,292
19,92	8,976	5,294
19,94	8,982	5,295
19,96	8,988	5,297
19,98	8,994	5,298
20,00	9,000	5,300
