t/s	x/m	y/m
0,00	1,000	0,500
0,02	1,044	0,544
0,04	1,088	0,588
0,06	1,131	0,631
0,08	1,175	0,675
0,10	1,218	0,718
0,12	1,262	0,761
0,14	1,305	0,804
0,16	1,348	0,847
0,18	1,390	0,890
0,20	1,433	0,932
0,22	1,476	0,974
0,24	1,518	1,016
0,26	1,560	1,058
0,28	1,602	1,100
0,30	1,644	1,142
0,32	1,686	1,184
0,34	1,728	1,225
0,36	1,770	1,266
0,38	1,811	1,307
0,40	1,852	1,348
0,42	1,893	1,389
0,44	1,934	1,429
0,46	1,975	1,470
0,48	2,016	1,510
0,50	2,057	1,550
0,52	2,097	1,590
0,54	2,137	1,630
0,56	2,177	1,669
0,58	2,217	1,709
0,60	2,257	1,748
0,62	2,297	1,787
0,64	2,336	1,826
0,66	2,376	1,865
0,68	2,415	1,904
0,70	2,454	1,942
0,72	2,493	1,980
0,74	2,532	2,018
0,76	2,570	2,056
0,78	2,609	2,094
0,80	2,647	2,132
0,82	2,685	2,170
0,84	2,723	2,207
0,86	2,761	2,244
0,88	2,799	2,281
0,90	2,836	2,318
0,92	2,874	2,355
0,94	2,911	2,391
0,96	2,948	2,428
0,98	2,985	2,464
1,00	3,022	2,500
1,02	3,059	2,536
1,04	3,095	2,572
1,06	3,131	2,607
1,08	3,168	2,643
1,10	3,204	2,678
1,12	3,240	2,713
1,14	3,275	2,748
1,16	3,311	2,783
1,18	3,346	2,818
1,20	3,381	2,852
1,22	3,416	2,886
1,24	3,451	2,920
1,26	3,486	2,954
1,28	3,521	2,988
1,30	3,555	3,022
1,32	3,589	3,056
1,34	3,623	3,089
1,36	3,657	3,122
1,38	3,691	3,155
1,40	3,725	3,188
1,42	3,758	3,221
1,44	3,792	3,253
1,46	3,825	3,286
1,48	3,858	3,318
1,50	3,891	3,350
1,52	3,923	3,382
1,54	3,956	3,414
1,56	3,988	3,445
1,58	4,020	3,477
1,60	4,052	3,508
1,62	4,084	3,539
1,64	4,115	3,570
1,66	4,147	3,601
1,68	4,178	3,632
1,70	4,209	3,662
1,72	4,240	3,692
1,74	4,271	3,722
1,76	4,302	3,752
1,78	4,332	3,782
1,80	4,363	3,812
1,82	4,393	3,842
1,84	4,423	3,871
1,86	4,452	3,900
1,88	4,482	3,929
1,90	4,511	3,958
1,92	4,541	3,987
1,94	4,570	4,015
1,96	4,599	4,044
1,98	4,627	4,072
2,00	4,656	4,100
2,02	4,684	4,128
2,04	4,713	4,156
2,06	4,741	4,183
2,08	4,769	4,211
2,10	4,796	4,238
2,12	4,824	4,265
2,14	4,851	4,292
2,16	4,878	4,319
2,18	4,905	4,346
2,20	4,932	4,372
2,22	4,959	4,398
2,24	4,985	4,424
2,26	5,011	4,450
2,28	5,037	4,476
2,30	5,063	4,502
2,32	5,089	4,528
2,34	5,115	4,553
2,36	5,140	4,578
2,38	5,165	4,603
2,40	5,190	4,628
2,42	5,215	4,653
2,44	5,240	4,677
2,46	5,264	4,702
2,48	5,288	4,726
2,50	5,313	4,750
2,52	5,336	4,774
2,54	5,360	4,798
2,56	5,384	4,821
2,58	5,407	4,845
2,60	5,430	4,868
2,62	5,453	4,891
2,64	5,476	4,914
2,66	5,499	4,937
2,68	5,521	4,960
2,70	5,543	4,982
2,72	5,565	5,004
2,74	5,587	5,026
2,76	5,609	5,048
2,78	5,630	5,070
2,80	5,652	5,092
2,82	5,673	5,114
2,84	5,694	5,135
2,86	5,714	5,156
2,88	5,735	5,177
2,90	5,755	5,198
2,92	5,775	5,219
2,94	5,795	5,239
2,96	5,815	5,260
2,98	5,835	5,280
3,00	5,854	5,300
3,02	5,873	5,320
3,04	5,892	5,340
3,06	5,911	5,359
3,08	5,930	5,379
3,10	5,948	5,398
3,12	5,966	5,417
3,14	5,984	5,436
3,16	6,002	5,455
3,18	6,020	5,474
3,20	6,037	5,492
3,22	6,054	5,510
3,24	6,071	5,528
3,26	6,088	5,546
3,28	6,105	5,564
3,30	6,121	5,582
3,32	6,137	5,600
3,34	6,153	5,617
3,36	6,169	5,634
3,38	6,185	5,651
3,40	6,200	5,668
3,42	6,216	5,685
3,44	6,231	5,701
3,46	6,245	5,718
3,48	6,260	5,734
3,50	6,275	5,750
3,52	6,289	5,766
3,54	6,303	5,782
3,56	6,317	5,797
3,58	6,330	5,813
3,60	6,344	5,828
3,62	6,357	5,843
3,64	6,370	5,858
3,66	6,383	5,873
3,68	6,395	5,888
3,70	6,407	5,902
3,72	6,420	5,916
3,74	6,432	5,930
3,76	6,443	5,944
3,78	6,455	5,958
3,80	6,466	5,972
3,82	6,477	5,986
3,84	6,488	5,999
3,86	6,499	6,012
3,88	6,509	6,025
3,90	6,520	6,038
3,92	6,530	6,051
3,94	6,540	6,063
3,96	6,549	6,076
3,98	6,559	6,088
4,00	6,568	6,100
4,02	6,577	6,112
4,04	6,586	6,124
4,06	6,594	6,135
4,08	6,603	6,147
4,10	6,611	6,158
4,12	6,619	6,169
4,14	6,627	6,180
4,16	6,634	6,191
4,18	6,641	6,202
4,20	6,648	6,212
4,22	6,655	6,222
4,24	6,662	6,232
4,26	6,668	6,242
4,28	6,675	6,252
4,30	6,681	6,262
4,32	6,686	6,272
4,34	6,692	6,281
4,36	6,697	6,290
4,38	6,702	6,299
4,40	6,707	6,308
4,42	6,712	6,317
4,44	6,716	6,325
4,46	6,721	6,334
4,48	6,725	6,342
4,50	6,729	6,350
4,52	6,732	6,358
4,54	6,735	6,366
4,56	6,739	6,373
4,58	6,741	6,381
4,60	6,744	6,388
4,62	6,747	6,395
4,64	6,749	6,402
4,66	6,751	6,409
4,68	6,753	6,416
4,70	6,754	6,422
4,72	6,755	6,428
4,74	6,757	6,434
4,76	6,757	6,440
4,78	6,758	6,446
4,80	6,758	6,452
4,82	6,759	6,458
4,84	6,759	6,463
4,86	6,758	6,468
4,88	6,758	6,473
4,90	6,757	6,478
4,92	6,756	6,483
4,94	6,755	6,487
4,96	6,754	6,492
4,98	6,752	6,496
5,00	6,750	6,500
5,02	6,748	6,504
5,04	6,746	6,508
5,06	6,743	6,511
5,08	6,740	6,515
5,10	6,737	6,518
5,12	6,734	6,521
5,14	6,730	6,524
5,16	6,727	6,527
5,18	6,723	6,530
5,20	6,718	6,532
5,22	6,714	6,534
5,24	6,709	6,536
5,26	6,704	6,538
5,28	6,699	6,540
5,30	6,694	6,542
5,32	6,688	6,544
5,34	6,682	6,545
5,36	6,676	6,546
5,38	6,670	6,547
5,40	6,663	6,548
5,42	6,656	6,549
5,44	6,649	6,549
5,46	6,642	6,550
5,48	6,634	6,550
5,50	6,627	6,550
5,52	6,618	6,550
5,54	6,610	6,550
5,56	6,602	6,549
5,58	6,593	6,549
5,60	6,584	6,548
5,62	6,575	6,547
5,64	6,565	6,546
5,66	6,555	6,545
5,68	6,545	6,544
5,70	6,535	6,542
5,72	6,525	6,540
5,74	6,514	6,538
5,76	6,503	6,536
5,78	6,492	6,534
5,80	6,480	6,532
5,82	6,469	6,530
5,84	6,457	6,527
5,86	6,444	6,524
5,88	6,432	6,521
5,90	6,419	6,518
5,92	6,406	6,515
5,94	6,393	6,511
5,96	6,380	6,508
5,98	6,366	6,504
6,00	6,352	6,500
6,02	6,338	6,496
6,04	6,323	6,492
6,06	6,309	6,487
6,08	6,294	6,483
6,10	6,278	6,478
6,12	6,263	6,473
6,14	6,247	6,468
6,16	6,231	6,463
6,18	6,215	6,458
6,20	6,199	6,452
6,22	6,182	6,446
6,24	6,165	6,440
6,26	6,148	6,434
6,28	6,130	6,428
6,30	6,112	6,422
6,32	6,094	6,416
6,34	6,076	6,409
6,36	6,057	6,402
6,38	6,039	6,395
6,40	6,020	6,388
6,42	6,000	6,381
6,44	5,981	6,373
6,46	5,961	6,366
6,48	5,941	6,358
6,50	5,921	6,350
6,52	5,900	6,342
6,54	5,879	6,334
6,56	5,858	6,325
6,58	5,836	6,317
6,60	5,815	6,308
6,62	5,793	6,299
6,64	5,771	6,290
6,66	5,748	6,281
6,68	5,726	6,272
6,70	5,703	6,262
6,72	5,679	6,252
6,74	5,656	6,242
6,76	5,632	6,232
6,78	5,608	6,222
6,80	5,584	6,212
6,82	5,559	6,202
6,84	5,534	6,191
6,86	5,509	6,180
6,88	5,484	6,169
6,90	5,458	6,158
6,92	5,432	6,147
6,94	5,406	6,135
6,96	5,380	6,124
6,98	5,353	6,112
7,00	5,326	6,100
7,02	5,299	6,088
7,04	5,271	6,076
7,06	5,243	6,063
7,08	5,215	6,051
7,10	5,187	6,038
7,12	5,158	6,025
7,14	5,130	6,012
7,16	5,100	5,999
7,18	5,071	5,986
7,20	5,041	5,972
7,22	5,011	5,958
7,24	4,981	5,944
7,26	4,950	5,930
7,28	4,920	5,916
7,30	4,889	5,902
7,32	4,857	5,888
7,34	4,826	5,873
7,36	4,794	5,858
7,38	4,761	5,843
7,40	4,729	5,828
7,42	4,696	5,813
7,44	4,663	5,797
7,46	4,630	5,782
7,48	4,596	5,766
7,50	4,563	5,750
7,52	4,528	5,734
7,54	4,494	5,718
7,56	4,459	5,701
7,58	4,424	5,685
7,60	4,389	5,668
7,62	4,353	5,651
7,64	4,318	5,634
7,66	4,282	5,617
7,68	4,245	5,600
7,70	4,208	5,582
7,72	4,171	5,564
7,74	4,134	5,546
7,76	4,097	5,528
7,78	4,059	5,510
7,80	4,021	5,492
7,82	3,982	5,474
7,84	3,944	5,455
7,86	3,905	5,436
7,88	3,866	5,417
7,90	3,826	5,398
7,92	3,786	5,379
7,94	3,746	5,359
7,96	3,706	5,340
7,98	3,665	5,320
8,00	3,624	5,300
8,02	3,583	5,280
8,04	3,541	5,260
8,06	3,499	5,239
8,08	3,457	5,219
8,10	3,415	5,198
8,12	3,372	5,177
8,14	3,329	5,156
8,16	3,286	5,135
8,18	3,242	5,114
8,20	3,198	5,092
8,22	3,154	5,070
8,24	3,110	5,048
8,26	3,065	5,026
8,28	3,020	5,004
8,30	2,974	4,982
8,32	2,929	4,960
8,34	2,883	4,937
8,36	2,837	4,914
8,38	2,790	4,891
8,40	2,743	4,868
8,42	2,696	4,845
8,44	2,649	4,821
8,46	2,601	4,798
8,48	2,553	4,774
8,50	2,505	4,750
8,52	2,456	4,726
8,54	2,407	4,702
8,56	2,358	4,677
8,58	2,308	4,653
8,60	2,258	4,628
8,62	2,208	4,603
8,64	2,158	4,578
8,66	2,107	4,553
8,68	2,056	4,528
8,70	2,005	4,502
8,72	1,953	4,476
8,74	1,901	4,450
8,76	1,849	4,424
8,78	1,796	4,398
8,80	1,743	4,372
8,82	1,690	4,346
8,84	1,637	4,319
8,86	1,583	4,292
8,88	1,529	4,265
8,90	1,475	4,238
8,92	1,420	4,211
8,94	1,365	4,183
8,96	1,310	4,156
8,98	1,254	4,128
9,00	1,198	4,100
9,02	1,142	4,072
9,04	1,085	4,044
9,06	1,028	4,015
9,08	0,971	3,987
9,10	0,914	3,958
9,12	0,856	3,929
9,14	0,798	3,900
9,16	0,739	3,871
9,18	0,681	3,842
9,20	0,622	3,812
9,22	0,562	3,782
9,24	0,503	3,752
9,26	0,443	3,722
9,28	0,382	3,692
9,30	0,322	3,662
9,32	0,261	3,632
9,34	0,200	3,601
9,36	0,138	3,570
9,38	0,076	3,539
9,40	0,014	3,508
9,42	-0,048	3,477
9,44	-0,111	3,445
9,46	-0,174	3,414
9,48	-0,238	3,382
9,50	-0,301	3,350
9,52	-0,366	3,318
9,54	-0,430	3,286
9,56	-0,495	3,253
9,58	-0,560	3,221
9,60	-0,625	3,188
9,62	-0,691	3,155
9,64	-0,757	3,122
9,66	-0,823	3,089
9,68	-0,890	3,056
9,70	-0,957	3,022
9,72	-1,024	2,988
9,74	-1,092	2,954
9,76	-1,160	2,920
9,78	-1,228	2,886
9,80	-1,296	2,852
9,82	-1,365	2,818
9,84	-1,434	2,783
9,86	-1,504	2,748
9,88	-1,574	2,713
9,90	-1,644	2,678
9,92	-1,715	2,643
9,94	-1,785	2,607
9,96	-1,857	2,572
9,98	-1,928	2,536
10,00	-2,000	2,500
10,02	-2,072	2,464
10,04	-2,145	2,428
10,06	-2,217	2,391
10,08	-2,291	2,355
10,10	-2,364	2,318
10,12	-2,438	2,281
10,14	-2,512	2,244
10,16	-2,587	2,207
10,18	-2,661	2,170
10,20	-2,736	2,132
10,22	-2,812	2,094
10,24	-2,888	2,056
10,26	-2,964	2,018
10,28	-3,040	1,980
10,30	-3,117	1,942
10,32	-3,194	1,904
10,34	-3,272	1,865
10,36	-3,350	1,826
10,38	-3,428	1,787
10,40	-3,506	1,748
10,42	-3,585	1,709
10,44	-3,664	1,669
10,46	-3,744	1,630
10,48	-3,823	1,590
10,50	-3,903	1,550
10,52	-3,984	1,510
10,54	-4,065	1,470
10,56	-4,146	1,429
10,58	-4,227	1,389
10,60	-4,309	1,348
10,62	-4,392	1,307
10,64	-4,474	1,266
10,66	-4,557	1,225
10,68	-4,640	1,184
10,70	-4,724	1,142
10,72	-4,808	1,100
10,74	-4,892	1,058
10,76	-4,976	1,016
10,78	-5,061	0,974
10,80	-5,146	0,932
10,82	-5,232	0,890
10,84	-5,318	0,847
10,86	-5,404	0,804
10,88	-5,491	0,761
10,90	-5,578	0,718
10,92	-5,665	0,675
10,94	-5,753	0,631
10,96	-5,841	0,588
10,98	-5,929	0,544
11,00	-6,018	0,500
11,02	-6,107	0,456
11,04	-6,196	0,412
11,06	-6,286	0,367
11,08	-6,376	0,323
11,10	-6,467	0,278
11,12	-6,558	0,233
11,14	-6,649	0,188
11,16	-6,740	0,143
11,18	-6,832	0,098
11,20	-6,924	0,052
11,22	-7,017	0,006
11,24	-7,110	-0,040
11,26	-7,203	-0,086
11,28	-7,297	-0,132
11,30	-7,390	-0,178
11,32	-7,485	-0,224
11,34	-7,579	-0,271
11,36	-7,674	-0,318
11,38	-7,770	-0,365
11,40	-7,866	-0,412
11,42	-7,962	-0,459
11,44	-8,058	-0,507
11,46	-8,155	-0,554
11,48	-8,252	-0,602
11,50	-8,349	-0,650
11,52	-8,447	-0,698
11,54	-8,546	-0,746
11,56	-8,644	-0,795
11,58	-8,743	-0,843
11,60	-8,842	-0,892
11,62	-8,942	-0,941
11,64	-9,042	-0,990
11,66	-9,142	-1,039
11,68	-9,243	-1,088
11,70	-9,344	-1,138
11,72	-9,446	-1,188
11,74	-9,547	-1,238
11,76	-9,650	-1,288
11,78	-9,752	-1,338
11,80	-9,855	-1,388
11,82	-9,958	-1,438
11,84	-10,062	-1,489
11,86	-10,166	-1,540
11,88	-10,270	-1,591
11,90	-10,375	-1,642
11,92	-10,480	-1,693
11,94	-10,585	-1,745
11,96	-10,691	-1,796
11,98	-10,797	-1,848
12,00	-10,904	-1,900
12,02	-11,011	-1,952
12,04	-11,118	-2,004
12,06	-11,226	-2,057
12,08	-11,334	-2,109
12,10	-11,442	-2,162
12,12	-11,551	-2,215
12,14	-11,660	-2,268
12,16	-11,770	-2,321
12,18	-11,879	-2,374
12,20	-11,990	-2,428
12,22	-12,100	-2,482
12,24	-12,211	-2,536
12,26	-12,322	-2,590
12,28	-12,434	-2,644
12,30	-12,546	-2,698
12,32	-12,659	-2,752
12,34	-12,771	-2,807
12,36	-12,885	-2,862
12,38	-12,998	-2,917
12,40	-13,112	-2,972
12,42	-13,227	-3,027
12,44	-13,341	-3,083
12,46	-13,456	-3,138
12,48	-13,572	-3,194
12,50	-13,687	-3,250
12,52	-13,804	-3,306
12,54	-13,920	-3,362
12,56	-14,037	-3,419
12,58	-14,155	-3,475
12,60	-14,272	-3,532
12,62	-14,390	-3,589
12,64	-14,509	-3,646
12,66	-14,628	-3,703
12,68	-14,747	-3,760
12,70	-14,866	-3,818
12,72	-14,986	-3,876
12,74	-15,107	-3,934
12,76	-15,227	-3,992
12,78	-15,349	-4,050
12,80	-15,470	-4,108
12,82	-15,592	-4,166
12,84	-15,714	-4,225
12,86	-15,837	-4,284
12,88	-15,960	-4,343
12,90	-16,083	-4,402
12,92	-16,207	-4,461
12,94	-16,331	-4,521
12,96	-16,456	-4,580
12,98	-16,581	-4,640
13,00	-16,706	-4,700
13,02	-16,832	-4,760
13,04	-16,958	-4,820
13,06	-17,084	-4,881
13,08	-17,211	-4,941
13,10	-17,338	-5,002
13,12	-17,466	-5,063
13,14	-17,594	-5,124
13,16	-17,723	-5,185
13,18	-17,851	-5,246
13,20	-17,981	-5,308
13,22	-18,110	-5,370
13,24	-18,240	-5,432
13,26	-18,370	-5,494
13,28	-18,501	-5,556
13,30	-18,632	-5,618
13,32	-18,764	-5,680
13,34	-18,896	-5,743
13,36	-19,028	-5,806
13,38	-19,161	-5,869
13,40	-19,294	-5,932
13,42	-19,428	-5,995
13,44	-19,561	-6,059
13,46	-19,696	-6,122
13,48	-19,830	-6,186
13,50	-19,965	-6,250
13,52	-20,101	-6,314
13,54	-20,237	-6,378
13,56	-20,373	-6,443
13,58	-20,510	-6,507
13,60	-20,647	-6,572
13,62	-20,784	-6,637
13,64	-20,922	-6,702
13,66	-21,060	-6,767
13,68	-21,199	-6,832
13,70	-21,338	-6,898
13,72	-21,478	-6,964
13,74	-21,617	-7,030
13,76	-21,758	-7,096
13,78	-21,898	-7,162
13,80	-22,039	-7,228
13,82	-22,181	-7,294
13,84	-22,323	-7,361
13,86	-22,465	-7,428
13,88	-22,608	-7,495
13,90	-22,751	-7,562
13,92	-22,894	-7,629
13,94	-23,038	-7,697
13,96	-23,182	-7,764
13,98	-23,327	-7,832
14,00	-23,472	-7,900
14,02	-23,617	-7,968
14,04	-23,763	-8,036
14,06	-23,910	-8,105
14,08	-24,056	-8,173
14,10	-24,203	-8,242
14,12	-24,351	-8,311
14,14	-24,499	-8,380
14,16	-24,647	-8,449
14,18	-24,796	-8,518
14,20	-24,945	-8,588
14,22	-25,095	-8,658
14,24	-25,245	-8,728
14,26	-25,395	-8,798
14,28	-25,546	-8,868
14,30	-25,697	-8,938
14,32	-25,849	-9,008
14,34	-26,001	-9,079
14,36	-26,153	-9,150
14,38	-26,306	-9,221
14,40	-26,459	-9,292
14,42	-26,613	-9,363
14,44	-26,767	-9,435
14,46	-26,921	-9,506
14,48	-27,076	-9,578
14,50	-27,231	-9,650
14,52	-27,387	-9,722
14,54	-27,543	-9,794
14,56	-27,700	-9,867
14,58	-27,857	-9,939
14,60	-28,014	-10,012
14,62	-28,172	-10,085
14,64	-28,330	-10,158
14,66	-28,489	-10,231
14,68	-28,648	-10,304
14,70	-28,807	-10,378
14,72	-28,967	-10,452
14,74	-29,128	-10,526
14,76	-29,288	-10,600
14,78	-29,450	-10,674
14,80	-29,611	-10,748
14,82	-29,773	-10,822
14,84	-29,936	-10,897
14,86	-30,098	-10,972
14,88	-30,262	-11,047
14,90	-30,425	-11,122
14,92	-30,589	-11,197
14,94	-30,754	-11,273
14,96	-30,919	-11,348
14,98	-31,084	-11,424
15,00	-31,250	-11,500
15,02	-31,416	-11,576
15,04	-31,583	-11,652
15,06	-31,750	-11,729
15,08	-31,917	-11,805
15,10	-32,085	-11,882
15,12	-32,254	-11,959
15,14	-32,422	-12,036
15,16	-32,592	-12,113
15,18	-32,761	-12,190
15,20	-32,931	-12,268
15,22	-33,102	-12,346
15,24	-33,273	-12,424
15,26	-33,444	-12,502
15,28	-33,616	-12,580
15,30	-33,788	-12,658
15,32	-33,961	-12,736
15,34	-34,134	-12,815
15,36	-34,307	-12,894
15,38	-34,481	-12,973
15,40	-34,655	-13,052
15,42	-34,830	-13,131
15,44	-35,005	-13,211
15,46	-35,181	-13,290
15,48	-35,357	-13,370
15,50	-35,533	-13,450
15,52	-35,710	-13,530
15,54	-35,888	-13,610
15,56	-36,066	-13,691
15,58	-36,244	-13,771
15,60	-36,423	-13,852
15,62	-36,602	-13,933
15,64	-36,781	-14,014
15,66	-36,961	-14,095
15,68	-37,142	-14,176
15,70	-37,322	-14,258
15,72	-37,504	-14,340
15,74	-37,685	-14,422
15,76	-37,868	-14,504
15,78	-38,050	-14,586
15,80	-38,233	-14,668
15,82	-38,417	-14,750
15,84	-38,601	-14,833
15,86	-38,785	-14,916
15,88	-38,970	-14,999
15,90	-39,155	-15,082
15,92	-39,341	-15,165
15,94	-39,527	-15,249
15,96	-39,714	-15,332
15,98	-39,901	-15,416
16,00	-40,088	-15,500
16,02	-40,276	-15,584
16,04	-40,464	-15,668
16,06	-40,653	-15,753
16,08	-40,842	-15,837
16,10	-41,032	-15,922
16,12	-41,222	-16,007
16,14	-41,413	-16,092
16,16	-41,604	-16,177
16,18	-41,795	-16,262
16,20	-41,987	-16,348
16,22	-42,179	-16,434
16,24	-42,372	-16,520
16,26	-42,565	-16,606
16,28	-42,759	-16,692
16,30	-42,953	-16,778
16,32	-43,148	-16,864
16,34	-43,343	-16,951
16,36	-43,538	-17,038
16,38	-43,734	-17,125
16,40	-43,931	-17,212
16,42	-44,128	-17,299
16,44	-44,325	-17,387
16,46	-44,523	-17,474
16,48	-44,721	-17,562
16,50	-44,919	-17,650
16,52	-45,119	-17,738
16,54	-45,318	-17,826
16,56	-45,518	-17,915
16,58	-45,719	-18,003
16,60	-45,920	-18,092
16,62	-46,121	-18,181
16,64	-46,323	-18,270
16,66	-46,525	-18,359
16,68	-46,728	-18,448
16,70	-46,931	-18,538
16,72	-47,135	-18,628
16,74	-47,339	-18,718
16,76	-47,543	-18,808
16,78	-47,748	-18,898
16,80	-47,954	-18,988
16,82	-48,160	-19,078
16,84	-48,366	-19,169
16,86	-48,573	-19,260
16,88	-48,780	-19,351
16,90	-48,988	-19,442
16,92	-49,196	-19,533
16,94	-49,405	-19,625
16,96	-49,614	-19,716
16,98	-49,824	-19,808
17,00	-50,034	-19,900
17,02	-50,245	-19,992
17,04	-50,456	-20,084
17,06	-50,667	-20,177
17,08	-50,879	-20,269
17,10	-51,091	-20,362
17,12	-51,304	-20,455
17,14	-51,518	-20,548
17,16	-51,731	-20,641
17,18	-51,946	-20,734
17,20	-52,160	-20,828
17,22	-52,376	-20,922
17,24	-52,591	-21,016
17,26	-52,807	-21,110
17,28	-53,024	-21,204
17,30	-53,241	-21,298
17,32	-53,459	-21,392
17,34	-53,677	-21,487
17,36	-53,895	-21,582
17,38	-54,114	-21,677
17,40	-54,333	-21,772
17,42	-54,553	-21,867
17,44	-54,774	-21,963
17,46	-54,994	-22,058
17,48	-55,216	-22,154
17,50	-55,437	-22,250
17,52	-55,660	-22,346
17,54	-55,882	-22,442
17,56	-56,106	-22,539
17,58	-56,329	-22,635
17,60	-56,553	-22,732
17,62	-56,778	-22,829
17,64	-57,003	-22,926
17,66	-57,229	-23,023
17,68	-57,455	-23,120
17,70	-57,681	-23,218
17,72	-57,908	-23,316
17,74	-58,136	-23,414
17,76	-58,364	-23,512
17,78	-58,592	-23,610
17,80	-58,821	-23,708
17,82	-59,050	-23,806
17,84	-59,280	-23,905
17,86	-59,510	-24,004
17,88	-59,741	-24,103
17,90	-59,972	-24,202
17,92	-60,204	-24,301
17,94	-60,436	-24,401
17,96	-60,669	-24,500
17,98	-60,902	-24,600
18,00	-61,136	-24,700
18,02	-61,370	-24,800
18,04	-61,605	-24,900
18,06	-61,840	-25,001
18,08	-62,076	-25,101
18,10	-62,312	-25,202
18,12	-62,548	-25,303
18,14	-62,785	-25,404
18,16	-63,023	-25,505
18,18	-63,261	-25,606
18,20	-63,499	-25,708
18,22	-63,738	-25,810
18,24	-63,978	-25,912
18,26	-64,218	-26,014
18,28	-64,458	-26,116
18,30	-64,699	-26,218
18,32	-64,941	-26,320
18,34	-65,183	-26,423
18,36	-65,425	-26,526
18,38	-65,668	-26,629
18,40	-65,911	-26,732
18,42	-66,155	-26,835
18,44	-66,399	-26,939
18,46	-66,644	-27,042
18,48	-66,890	-27,146
18,50	-67,135	-27,250
18,52	-67,382	-27,354
18,54	-67,629	-27,458
18,56	-67,876	-27,563
18,58	-68,124	-27,667
18,60	-68,372	-27,772
18,62	-68,621	-27,877
18,64	-68,870	-27,982
18,66	-69,120	-28,087
18,68	-69,370	-28,192
18,70	-69,621	-28,298
18,72	-69,872	-28,404
18,74	-70,124	-28,510
18,76	-70,376	-28,616
18,78	-70,629	-28,722
18,80	-70,882	-28,828
18,82	-71,136	-28,934
18,84	-71,390	-29,041
18,86	-71,645	-29,148
18,88	-71,900	-29,255
18,90	-72,156	-29,362
18,92	-72,412	-29,469
18,94	-72,669	-29,577
18,96	-72,926	-29,684
18,98	-73,184	-29,792
19,00	-73,442	-29,900
19,02	-73,701	-30,008
19,04	-73,960	-30,116
19,06	-74,220	-30,225
19,08	-74,480	-30,333
19,10	-74,741	-30,442
19,12	-75,002	-30,551
19,14	-75,264	-30,660
19,16	-75,526	-30,769
19,18	-75,789	-30,878
19,20	-76,052	-30,988
19,22	-76,316	-31,098
19,24	-76,580	-31,208
19,26	-76,845	-31,318
19,28	-77,110	-31,428
19,30	-77,376	-31,538
19,32	-77,642	-31,648
19,34	-77,909	-31,759
19,36	-78,176	-31,870
19,38	-78,444	-31,981
19,40	-78,712	-32,092
19,42	-78,981	-32,203
19,44	-79,250	-32,315
19,46	-79,520	-32,426
19,48	-79,791	-32,538
19,50	-80,061	-32,650
19,52	-80,333	-32,762
19,54	-80,605	-32,874
19,56	-80,877	-32,987
19,58	-81,150	-33,099
19,60	-81,423	-33,212
19,62	-81,697	-33,325
19,64	-81,972	-33,438
19,66	-82,247	-33,551
19,68	-82,522	-33,664
19,70	-82,798	-33,778
19,72	-83,075	-33,892
19,74	-83,352	-34,006
19,76	-83,629	-34,120
19,78	-83,907	-34,234
19,80	-84,186	-34,348
19,82	-84,465	-34,462
19,84	-84,745	-34,577
19,86	-85,025	-34,692
19,88	-85,305	-34,807
19,90	-85,586	-34,922
19,92	-85,868	-35,037
19,94	-86,150	-35,153
19,96	-86,433	-35,268
19,98	-86,716	-35,384
20,00	-87,000	-35,500
